1.088408 26.809393 14.375970 -1.098045 -24.093714 -21.776301 -2.184839 6.423057 -1.732311 12.953680 0.015572 -8.953271 -2.850856 -20.311023 -3.453557 
0.582105 5.558795 2.509622 -0.478533 -5.063773 7.547833 -10.017995 -0.723431 0.734362 2.250579 0.922026 0.934864 -3.247720 -3.597853 -4.864501 
0.581143 -8.183881 10.338740 -0.668623 -1.914392 -7.406530 -8.962600 -0.488192 -1.323311 19.842383 -0.772906 8.355272 -0.585888 -3.080993 -3.733369 
0.288104 -0.052837 5.974733 -1.352297 -3.054065 2.210288 -7.869391 -0.151358 -0.244141 4.000935 1.107829 2.440327 -0.905099 -4.899018 -1.287943 
0.205421 4.636079 1.969157 -0.218440 -3.016355 2.090193 -6.772404 -0.690735 0.569751 1.628449 0.687674 -1.256901 -1.345171 -1.081035 -3.058535 
0.331492 12.958448 -6.446796 -0.440612 -3.480002 -3.418129 -2.517695 -0.359912 -0.070132 -1.996641 -0.250766 -2.938987 0.938737 -1.376320 0.276077 
0.021536 -2.618179 5.167318 0.424296 -2.132448 -3.415549 -5.302840 1.079489 0.898328 7.187314 -0.090952 4.454120 -1.752792 -4.078217 0.055304 
0.029337 2.286642 6.394384 -1.663458 0.593094 -8.102840 -6.195450 1.257732 0.108500 4.985415 0.435674 2.217652 -2.932531 -2.431551 -1.190380 
0.027637 1.204328 1.371481 0.024774 -2.384038 3.101747 -4.609544 0.682735 0.857875 1.236099 0.431333 -1.933788 0.631965 -4.925421 -1.632615 
0.104243 -5.426171 2.611010 0.597424 -2.452252 2.899819 0.958093 -0.303067 0.714869 4.791849 0.833138 1.796121 -1.738271 -2.839297 -0.319523 
0.161562 1.992935 0.330006 -0.028764 -1.930668 -5.124258 -4.195911 1.103374 0.270693 8.582978 1.567699 0.006133 0.263123 -3.478361 -3.417541 
